1
1
1
1
1
1
1
1
2
1
1
1
1
2
1
1
1
5
1
1
4
1
1
1
1
6
1
1
2
2
4
1
4
1
2
4
3
4
7
1
1
7
1
1
4
1
1
1
3
1
2
4
3
1
2
9
4
3
1
3
2
1
1
1
7
4
1
2
2
6
1
3
4
12
12
8
8
7
8
3
12
3
6
1
8
2
6
16
25
16
8
13
3
20
14
5
43
45
22
19
63
15
6
42
42
23
84
84
1
52
52
52
86
17
55
63
143
149
220
220
220
220
220
220
220
220
220
220
220
220
220
220
220
220
220
220
220
220
220
220
220
220
220
220
220
220
220
220
220
220
220
220
220
220
220
220
220
220
220
220
220
220
220
220
220
220
220
220
220
220
220
220
220
220
220
220
220
220
220
220
220
220
220
220
220
220
220
220
220
220
220
220
220
220
220
220
220
220
220
220
220
220
220
220
220
220
220
220
220
220
220
220
220
220
220
220
220
220
220
220
