500 5000
309 38
454 428
4 114
234 316
59 172
313 207
276 180
442 297
327 18
382 254
183 491
449 45
433 457
4 482
4 18
442 139
382 101
226 244
226 52
270 259
442 403
486 2
4 209
440 422
486 84
234 243
330 58
285 266
4 74
442 438
379 394
285 496
198 29
226 147
448 116
442 283
309 162
373 464
11 390
430 158
309 290
330 166
270 30
295 439
347 53
382 408
442 409
452 369
113 14
4 168
285 51
102 280
330 399
330 304
285 498
56 480
285 175
285 58
281 248
281 325
285 391
285 79
329 140
198 86
70 271
270 38
285 221
285 426
234 61
69 375
309 419
178 496
382 279
429 463
290 83
132 494
281 13
415 377
97 117
382 420
285 311
190 265
4 414
401 11
4 49
309 393
291 431
4 380
226 330
226 14
285 102
226 121
4 66
319 48
382 253
285 245
324 212
52 60
307 220
382 317
4 449
392 220
236 31
4 238
342 404
4 386
285 464
226 186
63 393
309 47
285 191
285 337
270 326
309 321
63 6
198 234
368 337
468 191
226 420
66 8
291 104
442 197
226 40
314 156
314 476
226 345
442 228
183 270
198 79
398 364
250 29
392 419
118 355
102 152
250 148
267 384
52 320
382 22
250 230
4 388
4 287
442 289
327 114
499 424
236 425
48 484
484 219
389 21
440 51
442 254
309 18
330 53
113 35
314 303
442 454
330 92
427 304
285 203
149 176
226 25
465 90
382 44
183 306
442 291
102 261
226 90
285 143
296 96
285 112
198 214
226 381
226 227
48 500
226 368
226 238
382 5
378 121
392 88
250 247
285 488
444 348
382 164
4 366
52 24
453 301
270 394
442 173
285 420
442 300
299 97
330 80
226 196
442 320
278 273
295 483
285 96
309 253
291 419
285 424
250 451
449 125
307 378
285 109
267 388
226 215
10 233
285 24
86 91
226 174
226 445
423 357
250 457
285 452
442 406
476 46
449 484
398 201
493 149
263 243
344 378
47 28
442 282
234 221
409 450
4 405
69 149
400 397
226 463
449 68
183 230
226 76
440 74
442 101
452 175
382 469
330 244
382 289
285 293
52 406
382 72
250 500
147 203
285 468
499 14
159 227
382 345
132 101
226 397
276 328
442 348
285 206
330 347
442 458
256 497
4 342
382 235
4 351
309 307
132 237
452 84
309 61
330 362
226 468
276 87
493 148
113 417
239 208
319 427
256 246
198 418
10 71
449 343
69 488
69 400
318 143
270 312
178 251
226 20
226 47
10 432
330 300
226 119
274 213
183 386
4 90
3 443
475 143
309 243
466 453
309 209
327 151
449 184
163 407
234 421
178 261
392 283
226 181
382 449
392 36
382 264
285 396
11 24
198 355
257 34
344 498
424 292
285 491
382 497
21 346
442 199
226 470
163 241
330 182
21 185
226 72
183 478
226 434
4 354
442 396
110 54
309 54
4 479
322 189
113 490
4 243
330 70
285 436
427 411
285 232
226 200
234 127
4 281
198 109
382 124
442 323
250 123
294 394
16 303
226 130
226 208
400 194
19 379
291 9
442 140
285 168
307 211
351 317
285 17
440 283
4 83
4 17
94 326
449 489
113 434
307 293
149 484
442 350
63 443
198 135
183 402
465 248
493 317
278 410
442 370
4 222
442 475
304 116
251 462
4 45
285 267
276 18
291 124
75 140
442 134
260 96
113 105
226 86
330 103
427 299
285 292
475 277
309 83
11 146
226 357
69 346
285 45
285 204
344 325
285 89
285 478
234 251
442 311
299 368
257 124
21 2
382 113
409 62
442 16
285 27
183 251
4 253
382 373
4 413
440 12
226 34
100 232
244 120
309 28
50 305
307 217
143 387
226 168
132 104
4 272
382 217
95 3
19 262
226 364
103 160
412 388
382 50
442 137
267 31
319 430
312 348
285 215
183 256
226 484
226 339
285 419
95 101
69 232
440 152
226 190
442 72
176 197
442 307
178 421
95 458
4 347
226 424
344 335
319 481
69 122
226 153
427 301
382 96
449 142
285 57
285 271
382 115
104 272
226 23
309 400
4 343
198 188
267 435
442 85
285 450
440 447
198 81
207 83
454 46
497 60
113 88
226 274
304 447
409 139
4 402
309 347
4 52
285 200
465 375
251 243
440 267
342 393
4 369
309 345
339 256
250 261
30 467
442 470
285 101
285 154
47 491
11 289
493 49
4 419
330 401
498 406
10 214
198 339
113 187
382 120
4 105
198 24
285 489
382 415
285 161
285 363
440 190
442 272
278 42
183 412
342 384
285 388
226 220
225 199
10 473
442 102
267 255
400 365
149 396
304 108
440 379
312 25
226 36
285 147
285 13
442 333
382 128
226 328
178 126
424 155
176 300
56 105
69 499
198 461
382 320
70 439
198 156
143 70
309 406
21 47
226 118
4 207
163 244
159 359
234 477
239 439
285 301
285 153
330 163
342 192
276 279
327 441
86 484
4 498
4 99
382 302
198 359
149 182
272 111
183 286
183 195
285 309
183 403
149 271
226 146
289 99
198 459
21 485
123 375
285 72
226 467
454 233
440 126
167 173
69 252
226 448
307 367
113 171
221 61
198 277
309 275
309 355
270 41
100 333
226 131
285 462
330 97
226 161
278 67
309 260
226 265
226 426
285 361
58 452
132 170
330 151
270 363
291 84
226 288
285 475
86 160
285 107
285 33
285 195
37 384
285 77
94 54
160 369
285 328
440 134
4 149
113 427
468 416
4 89
459 388
389 212
385 280
291 426
226 301
285 355
309 104
198 290
198 283
382 380
183 153
449 411
198 67
11 491
11 48
382 450
330 138
226 197
211 205
285 243
66 185
236 49
285 398
270 192
92 136
226 353
442 76
198 179
285 134
4 444
134 46
166 8
226 141
440 3
113 301
440 282
221 405
72 140
382 6
318 119
226 165
4 33
276 93
285 275
285 342
285 387
309 310
234 9
309 9
285 74
10 122
401 187
498 336
221 476
285 321
442 7
132 150
160 423
236 494
318 209
198 138
330 253
309 107
382 14
216 24
285 49
160 497
285 374
163 354
449 14
229 68
285 430
468 66
198 492
198 364
168 257
468 408
309 182
4 258
339 312
66 470
285 207
4 43
389 233
400 231
226 268
276 363
442 426
183 52
226 12
134 55
234 106
4 314
178 225
493 414
427 140
498 321
224 300
468 351
309 470
318 70
267 224
113 233
224 417
309 303
113 86
318 222
442 234
309 210
4 302
465 120
389 261
401 473
226 173
178 475
239 104
330 186
378 123
440 348
285 128
208 254
4 420
226 438
318 252
371 421
339 423
270 478
442 213
486 341
198 45
442 202
313 122
198 230
285 382
401 223
198 84
291 103
189 334
183 254
347 162
285 465
4 55
285 379
442 377
327 387
378 243
330 321
466 126
4 376
443 145
285 146
498 124
250 119
449 482
353 286
4 123
382 291
330 355
4 179
132 313
226 488
176 489
21 280
226 294
226 293
132 155
267 357
318 483
493 237
291 453
167 24
198 313
226 56
198 354
415 24
382 71
285 172
465 494
176 160
442 205
314 200
309 90
442 497
285 162
10 371
138 407
198 493
295 195
226 499
309 409
10 321
285 474
234 367
291 445
47 354
442 472
285 268
330 469
4 312
309 372
440 360
309 460
250 22
442 230
382 12
183 258
493 58
442 241
58 223
198 168
276 384
110 112
285 279
319 324
442 8
382 242
330 7
226 53
358 153
198 218
442 437
285 353
224 320
382 328
251 453
309 425
270 64
226 411
4 275
113 110
309 173
225 335
198 195
490 87
226 324
4 150
442 342
234 110
234 164
285 93
21 378
309 481
113 234
285 16
498 437
4 408
449 242
285 277
352 356
291 81
401 393
183 308
20 434
226 318
192 423
239 204
314 142
330 369
499 93
4 374
291 185
4 206
445 193
339 192
216 380
389 271
226 17
183 88
382 340
442 144
442 46
236 303
4 158
10 244
226 99
245 184
382 148
382 363
494 7
344 373
382 158
285 360
442 206
309 336
442 113
4 80
10 78
330 404
168 215
449 369
401 351
330 215
4 171
267 370
330 471
392 67
459 418
382 59
285 144
285 256
250 419
198 363
4 270
10 357
309 78
250 322
327 160
401 480
278 379
319 96
226 77
226 377
276 447
373 235
449 434
309 488
309 278
309 273
285 482
267 2
4 407
400 184
309 473
309 435
383 119
440 357
143 76
465 166
291 245
95 249
198 379
221 165
132 299
442 315
493 387
330 39
382 176
276 143
285 30
198 421
4 10
339 174
226 399
285 417
4 165
4 141
285 62
382 108
415 321
382 80
330 397
330 11
285 54
385 306
448 305
4 400
171 92
442 405
309 27
392 352
122 341
285 225
4 438
291 203
285 66
347 212
267 307
442 126
4 377
4 392
392 83
382 117
276 34
449 85
234 111
417 334
276 227
382 202
285 233
198 266
382 221
176 119
113 242
95 207
309 142
330 36
382 377
4 469
226 21
226 189
4 365
442 295
19 408
226 61
226 102
183 148
392 405
309 483
442 14
285 103
183 96
198 42
138 497
64 395
89 238
226 317
267 499
285 479
226 18
263 3
183 273
389 336
499 321
285 384
382 379
382 192
270 369
226 315
371 399
415 207
149 214
453 43
285 173
4 2
52 233
442 353
198 53
318 406
382 322
382 300
401 357
309 150
314 454
226 184
152 125
276 411
309 156
4 453
309 415
299 233
382 2
378 367
319 347
309 432
285 138
449 465
285 9
392 363
442 245
159 111
442 478
309 376
309 392
4 72
442 37
198 351
475 329
250 98
63 301
226 266
267 166
226 139
410 353
382 252
132 265
149 229
234 35
318 408
442 398
149 323
226 154
442 400
226 246
4 390
198 9
442 351
226 325
276 429
499 91
285 1
285 461
208 286
330 261
307 271
382 391
347 215
100 230
226 263
465 261
342 275
58 247
468 111
132 175
382 444
285 229
330 423
50 466
285 21
226 388
309 427
267 482
244 35
330 429
149 170
285 449
132 240
442 380
470 350
234 75
309 32
4 191
382 281
4 309
285 274
309 164
270 367
342 150
309 159
291 368
389 262
226 156
66 227
442 236
4 474
318 228
318 355
278 385
389 45
329 494
382 24
442 276
102 472
290 105
339 1
415 22
313 161
10 46
226 93
276 203
285 3
198 82
309 82
297 406
113 151
1 466
330 375
382 346
285 99
493 290
250 127
226 391
309 186
181 155
465 58
449 357
226 58
226 372
47 27
285 218
278 177
226 74
433 180
285 334
267 163
103 161
299 362
400 312
163 59
30 257
226 152
69 439
500 166
50 124
226 151
198 63
442 411
216 483
226 57
309 261
415 255
389 310
10 468
498 412
309 418
349 407
382 424
207 284
382 85
318 473
309 452
183 162
285 414
270 266
382 140
102 8
382 47
190 402
389 448
198 469
314 204
63 305
183 213
285 235
198 110
442 484
226 185
454 423
309 11
226 22
4 280
440 462
309 489
113 132
285 423
221 288
371 138
183 307
183 111
373 173
442 431
276 108
198 122
100 51
198 317
289 326
183 133
110 164
10 20
440 70
226 316
330 363
236 496
339 328
198 201
285 87
382 40
226 81
392 23
319 5
442 98
183 282
226 206
498 277
444 32
493 31
330 482
275 2
496 76
226 464
442 434
415 478
184 397
309 216
435 463
4 162
4 446
226 486
442 108
276 69
382 144
285 406
226 232
449 112
75 229
329 421
309 157
198 43
285 164
455 80
314 492
442 168
285 180
10 41
221 257
365 477
226 80
330 431
198 94
285 249
448 368
412 117
226 423
69 126
82 407
392 177
234 141
352 476
329 350
442 281
63 135
3 381
442 418
330 298
226 430
4 155
285 217
444 232
226 334
479 136
499 320
69 117
183 82
276 261
274 302
189 60
226 48
309 250
4 183
275 247
132 305
10 451
392 41
330 100
226 44
113 366
50 340
226 349
4 51
198 47
226 476
4 157
285 236
486 364
309 242
226 307
183 430
392 373
226 283
211 418
449 47
250 459
448 374
183 348
314 372
4 225
382 201
224 59
229 81
198 221
285 186
63 26
330 49
267 377
493 329
95 498
270 62
449 478
149 136
442 250
285 69
449 320
103 115
52 480
4 239
226 33
4 290
285 188
211 156
192 194
442 106
401 119
4 367
10 422
431 49
285 341
285 40
285 43
245 50
69 57
382 162
382 332
378 349
285 287
442 313
226 485
4 53
132 308
226 150
226 95
415 167
198 130
382 86
499 282
330 455
260 463
226 432
4 23
330 376
250 172
447 122
427 305
339 233
442 487
198 373
11 487
198 115
490 5
442 252
226 218
445 173
285 368
226 412
226 398
221 37
382 20
70 490
103 484
392 62
449 82
382 445
309 451
401 410
1 26
330 68
285 390
268 164
226 149
309 8
226 27
256 292
176 49
309 235
226 88
285 196
493 470
285 71
259 227
440 458
41 464
209 271
389 426
285 350
465 399
50 390
285 264
183 469
470 266
291 489
339 108
433 269
442 154
285 121
285 295
183 284
285 393
285 174
327 257
226 83
285 443
330 415
330 65
392 364
291 316
468 331
417 65
63 391
221 376
319 199
11 275
4 151
11 282
233 487
285 104
198 439
330 274
411 38
382 15
198 180
442 258
442 118
412 480
198 154
285 52
285 92
4 125
168 173
285 326
4 437
318 325
285 65
468 255
442 278
226 248
63 233
149 72
424 439
285 15
226 38
226 59
226 278
285 47
382 446
4 185
442 440
285 11
440 157
234 356
198 152
499 89
382 30
285 481
69 227
329 455
63 410
412 68
198 141
226 351
4 41
226 103
442 167
449 46
276 91
449 435
226 442
11 269
285 258
159 190
309 189
444 37
319 195
314 70
379 411
226 41
285 202
475 99
149 404
285 395
4 62
442 259
459 471
250 154
198 15
382 278
4 276
401 426
309 110
226 350
11 281
276 415
10 489
95 187
226 68
285 2
4 289
382 106
42 90
58 186
4 208
245 189
183 300
187 479
499 184
352 41
4 77
285 155
226 490
4 303
440 394
382 352
493 341
226 417
4 325
285 148
226 193
442 152
250 272
211 62
226 73
398 57
4 129
102 461
449 366
183 359
382 121
89 482
276 59
440 409
198 255
291 474
285 159
382 329
75 44
270 138
58 387
442 477
276 491
226 346
285 366
183 458
226 286
226 483
4 283
75 13
234 360
389 61
382 407
330 351
102 156
330 171
206 413
198 57
440 356
285 130
10 335
149 436
440 258
285 90
401 344
226 473
183 421
198 35
330 496
309 365
250 200
442 55
330 425
10 208
257 473
95 85
270 108
183 174
4 164
4 328
4 108
309 426
371 161
382 266
442 115
226 326
250 171
236 474
440 57
4 131
267 492
47 275
149 347
234 86
245 213
380 418
198 294
307 244
204 194
442 89
309 174
10 271
21 367
330 463
270 161
4 488
198 305
442 224
442 306
493 52
226 75
309 232
327 391
454 133
10 388
442 193
440 123
258 235
142 121
445 478
270 377
285 36
387 485
293 7
226 260
285 171
10 499
63 5
382 171
113 307
226 148
285 500
382 178
4 240
149 427
382 492
4 356
10 266
41 491
339 451
132 212
309 373
159 272
234 456
224 391
442 347
309 248
378 363
371 438
449 466
250 213
499 258
440 408
70 23
226 311
385 367
4 92
198 114
330 449
285 485
154 458
442 304
440 384
226 496
429 336
289 306
382 100
278 140
285 119
183 409
226 213
86 476
285 486
4 299
442 331
226 91
371 222
309 429
285 131
4 465
198 336
309 332
382 114
415 455
285 184
209 81
440 94
183 170
309 362
187 432
178 301
285 60
401 48
285 335
440 463
309 37
62 364
4 31
276 25
183 422
234 408
198 145
149 94
382 132
178 243
442 287
132 136
69 189
330 243
226 361
285 163
438 376
34 128
309 98
95 338
398 443
208 292
4 254
63 168
285 308
236 161
198 279
4 181
4 256
347 452
330 319
392 71
382 430
486 290
350 345
52 485
285 412
442 150
152 490
4 295
348 359
226 199
176 357
222 340
198 495
279 67
309 5
4 331
183 303
226 419
445 261
4 12
52 195
4 94
442 186
442 217
392 431
330 214
198 372
327 40
198 243
424 166
4 22
226 428
285 477
285 451
314 477
427 218
285 250
4 335
285 55
382 28
285 214
329 264
63 223
139 177
459 27
309 224
62 303
250 30
382 464
226 465
466 171
183 114
198 302
285 194
226 192
113 37
424 49
470 343
285 440
442 183
309 391
285 205
4 187
4 439
183 51
475 148
226 164
453 482
99 34
152 29
390 175
493 420
438 51
140 287
30 456
226 212
198 482
349 93
309 195
382 11
401 209
198 92
378 251
329 155
330 400
291 184
285 403
183 343
291 244
382 188
226 360
187 9
226 474
4 95
143 497
183 15
285 111
285 407
198 187
448 188
382 251
449 145
291 43
267 490
190 120
442 23
211 328
442 286
322 416
442 456
267 159
475 398
178 367
198 467
309 199
285 263
198 259
352 156
276 99
309 351
4 204
427 418
226 188
309 99
66 212
342 174
307 299
267 429
442 430
226 421
382 210
226 321
4 404
69 152
291 15
159 123
318 326
442 429
285 29
183 207
371 310
22 434
324 470
234 265
226 269
401 329
234 407
279 137
239 500
314 237
1 305
499 337
142 323
442 401
309 367
276 36
442 424
440 44
226 472
52 23
318 321
234 454
330 211
270 170
193 51
285 288
442 165
226 104
479 484
10 260
490 402
176 68
226 171
198 494
442 490
309 312
176 193
198 387
466 105
58 264
4 359
382 75
291 174
198 451
442 255
314 182
368 181
285 289
449 348
113 461
143 170
4 61
70 62
250 13
270 341
21 480
285 495
285 260
187 458
365 106
285 38
454 286
4 78
226 443
4 266
344 426
417 340
10 238
4 346
431 402
138 32
401 370
113 144
198 395
442 389
221 457
442 225
285 37
183 245
449 157
382 372
442 471
10 232
319 90
4 296
382 183
113 460
250 242
382 355
309 370
4 249
41 310
440 313
285 367
442 246
176 16
462 39
140 317
143 282
132 355
226 54
371 237
309 76
279 283
276 179
490 213
442 195
272 55
198 353
4 248
4 200
387 16
4 35
4 406
314 36
21 363
285 152
443 441
69 473
16 437
309 467
319 460
178 16
356 133
226 115
113 47
330 385
4 219
183 141
285 253
285 480
226 264
285 483
387 482
100 235
198 456
10 306
183 86
409 61
382 341
493 164
427 375
113 358
285 269
330 313
329 227
285 23
10 272
319 423
442 212
4 32
285 304
307 272
330 386
442 221
198 435
285 222
285 345
226 314
330 435
400 466
309 114
198 178
198 455
309 405
493 472
442 294
4 362
285 132
438 280
319 269
285 234
69 66
11 201
291 375
10 281
41 219
442 94
319 385
199 367
442 65
226 259
226 182
291 5
226 133
226 418
226 191
371 426
309 472
276 114
319 435
382 181
401 15
4 425
309 246
250 423
4 428
183 127
4 292
270 82
198 231
113 414
113 315
442 240
113 16
226 78
226 383
161 450
276 22
309 6
226 97
4 461
319 353
4 174
37 177
63 33
440 180
226 414
70 388
415 187
149 350
392 128
285 455
442 129
226 347
304 257
285 415
285 193
260 46
330 271
496 364
267 256
285 255
234 20
382 462
152 252
330 96
369 346
113 106
226 253
10 329
221 378
198 450
285 95
447 59
226 392
490 367
86 135
442 79
285 359
285 262
389 227
113 438
285 19
309 361
95 160
382 244
285 224
442 318
444 34
4 427
299 99
382 287
142 441
382 343
234 359
401 260
294 358
285 208
285 332
304 76
427 268
449 109
285 330
400 340
330 279
113 196
276 88
285 142
465 140
440 449
415 288
285 53
270 23
52 317
309 498
69 410
352 398
118 316
226 252
285 149
132 499
221 7
371 100
475 120
281 487
396 126
226 389
314 379
178 303
330 322
75 67
113 21
69 207
452 94
242 129
4 308
4 118
250 37
442 21
442 267
442 181
382 204
198 165
236 343
70 88
226 67
322 349
442 45
442 231
250 94
69 406
149 3
226 433
4 144
285 20
278 414
183 177
285 190
499 269
226 461
50 155
382 195
226 406
465 81
309 190
4 470
226 415
465 42
435 437
285 392
236 120
226 296
149 498
291 334
440 486
226 39
4 236
95 98
276 263
123 24
431 204
299 387
427 381
226 16
11 457
198 434
149 237
69 254
183 316
395 413
285 497
318 317
309 353
132 324
250 202
309 453
226 100
449 274
249 306
149 184
314 355
285 100
198 206
4 234
208 158
290 331
400 61
4 320
183 20
285 116
48 323
309 499
435 40
442 153
465 365
276 104
132 180
382 153
382 119
391 323
309 286
50 223
339 358
270 303
132 168
382 143
318 292
285 358
222 436
226 402
442 86
440 484
160 233
309 491
63 177
442 391
309 436
226 159
285 369
382 136
268 53
226 204
309 130
58 103
102 467
309 424
465 83
285 141
10 69
226 87
52 397
4 218
228 434
449 445
183 328
4 93
221 220
440 36
285 120
285 18
285 280
442 345
499 151
449 173
102 386
4 316
226 281
496 146
250 246
242 215
226 270
58 464
63 274
234 240
466 429
69 132
285 166
138 251
442 58
226 225
442 210
401 431
493 457
285 431
344 405
440 48
70 131
285 156
382 67
382 19
4 100
4 480
198 14
468 296
66 398
327 456
442 485
330 446
427 405
104 46
159 419
309 349
10 405
4 229
132 333
226 341
342 251
382 374
468 364
103 166
470 356
479 464
4 417
285 211
382 257
226 125
475 118
378 59
183 296
226 310
178 422
226 498
226 110
183 476
276 260
401 342
382 423
291 163
267 268
21 341
330 472
122 13
389 189
226 441
234 133
291 201
382 190
149 168
198 256
95 204
215 65
139 195
442 357
309 482
309 197
226 112
442 378
400 150
226 337
226 460
4 448
327 196
4 201
431 477
285 63
276 58
19 281
440 290
465 311
280 77
431 363
4 250
382 454
226 390
356 43
113 464
442 163
226 479
309 92
226 109
449 206
113 308
440 496
442 328
183 384
52 340
226 451
285 246
389 12
226 256
226 63
427 26
322 328
52 230
313 452
103 282
449 280
440 497
285 160
318 123
209 174
285 145
494 219
442 214
442 387
276 449
149 206
285 46
314 349
183 391
276 146
285 22
417 321
163 82
442 39
226 394
285 223
309 326
198 457
285 338
226 24
327 384
330 6
143 351
183 39
4 202
442 161
285 357
183 477
313 331
382 228
342 252
4 268
183 312
149 201
198 396
183 500
285 125
276 5
4 337
330 394
4 217
342 360
278 240
190 192
221 2
449 451
389 2
4 321
285 438
226 198
309 1
285 372
250 483
382 159
52 389
475 129
285 469
344 42
4 195
226 216
4 79
442 19
400 500
4 178
226 32
342 151
440 416
392 33
440 236
226 261
285 165
442 26
449 255
285 490
132 349
440 239
270 103
309 258
396 464
410 98
63 15
143 120
382 283
330 115
299 249
330 161
382 487
352 477
226 407
30 288
251 443
226 98
430 332
299 161
4 215
309 238
285 241
309 284
493 455
4 259
382 488
379 17
226 416
285 228
309 13
309 16
10 294
47 299
4 20
4 423
440 179
309 20
330 147
198 181
309 280
352 245
183 46
330 277
440 277
330 305
233 122
4 40
285 73
199 174
401 233
4 430
250 289
270 322
248 463
226 37
496 124
4 358
440 455
440 270
198 128
449 181
339 411
222 387
226 272
352 266
121 180
382 286
285 139
442 15
270 223
285 226
4 394
435 119
167 438
327 201
339 363
222 243
245 227
69 451
267 329
389 303
453 214
442 334
285 325
440 431
211 186
285 61
319 227
215 277
4 447
226 277
100 373
285 307
285 409
446 96
198 112
499 230
409 173
449 72
330 437
382 88
279 16
113 191
309 289
382 400
1 434
344 403
104 487
382 97
270 127
149 204
330 487
285 48
295 72
491 477
285 316
4 315
400 200
285 447
427 438
309 363
484 156
102 403
52 100
267 199
178 157
347 168
285 247
285 435
75 97
385 282
198 16
493 273
378 451
392 356
291 427
226 84
228 388
330 51
198 307
52 115
285 157
291 90
449 42
445 104
309 283
226 230
226 6
285 323
392 72
52 96
215 37
267 471
389 305
113 115
226 85
183 196
93 68
72 308
404 406
226 267
226 243
347 230
285 458
382 480
183 484
42 436
285 344
4 110
304 81
285 169
330 14
309 211
69 98
285 362
324 93
224 230
442 203
285 437
309 217
319 354
89 177
309 317
500 139
425 451
198 463
276 360
279 436
183 222
47 91
442 394
221 85
309 15
307 478
226 376
309 234
493 462
198 20
234 242
250 66
47 375
216 114
389 221
475 341
442 450
319 300
442 354
440 475
475 433
330 334
257 332
4 213
198 447
4 352
309 300
236 66
178 5
285 67
69 119
4 481
386 22
183 7
113 81
378 128
4 274
352 323
352 474
291 16
226 320
198 196
132 162
268 98
382 41
330 141
234 292
440 268
249 193
398 284
239 108
442 256
294 271
401 374
95 120
309 245
442 34
392 272
449 495
4 495
382 17
309 180
226 362
468 13
198 68
183 487
211 48
285 192
493 7
417 172
314 431
440 359
285 129
442 367
427 143
198 8
226 304
309 175
198 215
4 16
270 277
226 28
88 214
309 480
382 234
456 9
133 310
270 193
442 317
132 158
291 110
329 55
10 450
442 483
198 143
309 338
270 456
285 375
352 232
20 489
183 396
417 62
21 386
395 68
270 85
309 118
236 126
382 472
226 202
285 401
309 465
159 254
442 308
93 338
4 330
449 356
267 390
285 170
4 399
4 458
440 333
382 305
440 214
309 72
291 332
285 402
352 497
285 213
440 140
132 2
330 348
163 217
291 288
285 296
226 158
118 464
132 472
442 138
344 235
226 295
386 127
226 313
198 78
444 324
226 162
285 314
330 340
176 242
401 18
226 176
226 254
382 18
285 64
226 431
309 385
318 48
10 130
234 166
4 54
198 357
382 439
152 430
309 486
389 99
104 257
373 491
222 146
459 22
475 281
291 132
198 248
132 42
132 112
250 439
442 500
63 243
493 11
449 90
449 474
50 455
319 461
52 257
330 229
267 367
285 12
475 474
285 140
198 397
442 376
401 371
226 292
449 490
309 335
226 287
285 399
442 412
110 111
309 297
226 327
285 97
291 499
382 399
298 477
382 94
152 294
4 27
344 313
183 410
132 64
75 160
149 398
47 458
4 418
4 39
285 185
448 194
330 10
113 481
56 277
330 500
20 157
285 261
183 70
448 373
309 185
234 404
226 178
276 70
183 154
319 118
289 53
442 499
234 343
183 32
385 72
75 265
226 344
442 198
113 62
69 373
330 381
291 387
330 135
198 76
291 340
276 9
309 343
442 474
309 41
291 229
442 48
440 397
4 500
132 28
226 26
4 184
442 264
285 315
442 180
21 241
198 105
234 31
11 137
234 228
226 167
493 433
442 397
276 374
226 231
267 244
132 137
330 272
432 90
4 401
465 1
47 379
198 284
442 462
382 123
198 441
4 264
226 245
278 294
309 439
285 346
440 204
329 118
442 146
270 88
285 39
103 384
449 455
251 288
183 74
226 143
226 127
4 286
285 105
10 274
239 272
276 373
198 11
4 499
398 380
4 334
285 137
198 444
183 405
291 223
250 471
400 445
75 391
198 310
10 26
449 152
285 28
442 373
4 387
442 339
4 63
475 237
293 480
11 15
285 448
330 29
226 13
178 313
291 463
10 378
330 294
465 19
309 471
226 382
251 425
330 195
267 421
309 389
442 122
4 127
352 286
198 404
440 321
245 335
285 198
258 315
52 362
75 190
270 29
309 80
499 73
276 19
389 334
285 272
198 213
442 275
454 38
382 327
442 93
389 1
401 341
285 331
442 448
285 411
285 239
198 405
392 194
110 74
382 245
183 105
285 300
198 229
382 55
226 203
118 90
442 366
492 170
285 405
178 430
285 248
379 207
1 485
309 438
371 19
226 69
382 360
21 269
307 109
198 190
10 161
226 331
250 426
226 297
442 128
89 277
309 89
307 219
113 163
250 133
319 29
176 191
465 470
330 372
285 8
102 123
327 404
382 384
382 438
440 325
21 372
226 169
309 466
161 303
449 153
52 416
347 300
285 82
226 29
330 306
178 262
63 414
198 445
226 332
4 6
285 210
307 119
442 239
387 181
4 476
401 443
226 31
250 184
226 241
330 488
95 445
250 476
285 122
70 59
198 238
465 50
299 316
307 374
447 91
309 433
4 101
63 108
36 472
344 390
226 336
285 394
270 216
455 184
226 210
382 403
285 303
4 493
132 194
314 246
66 484
226 50
291 399
309 178
285 467
267 493
382 288
52 111
239 157
11 387
221 93
498 487
132 387
226 222
449 340
4 344
442 416
226 235
285 446
330 409
132 211
132 323
11 305
4 411
390 377
330 194
291 286
226 126
309 357
4 263
309 447
198 171
382 21
432 148
47 39
330 111
431 254
226 456
285 297
149 328
198 452
276 392
226 309
66 257
132 99
276 177
1 281
285 151
465 265
309 358
250 360
309 115
41 31
4 19
4 435
285 324
309 459
382 206
178 45
160 187
392 434
250 344
4 442
226 271
382 220
449 377
4 64
307 130
454 364
318 6
291 42
285 318
445 407
4 112
330 367
339 436
342 459
110 219
382 311
492 117
226 132
442 114
221 88
427 3
4 257
4 25
442 235
198 216
373 109
69 120
285 199
309 282
285 428
493 171
256 484
330 283
322 351
113 357
322 336
285 348
285 472
319 28
291 269
226 62
314 152
4 102
4 252
318 20
442 359
444 357
4 143
327 192
250 175
149 494
285 108
285 427
285 127
442 293
329 486
69 455
318 141
295 20
389 447
330 252
58 91
285 14
250 146
382 376
285 466
183 448
330 341
176 260
330 197
454 329
285 347
30 254
242 324
285 94
330 353
19 20
242 448
313 173
403 283
447 43
378 356
132 90
4 86
267 396
497 68
309 395
309 377
222 57
285 34
276 133
226 140
442 316
330 260
226 322
285 98
330 172
318 212
228 186
285 383
132 26
69 345
309 188
309 458
307 33
4 214
226 291
307 485
11 136
10 43
340 214
449 128
442 298
285 432
494 93
309 57
353 23
322 353
226 262
4 60
268 338
285 4
184 359
178 57
276 132
285 181
154 120
267 326
285 197
438 97
344 216
176 315
400 95
348 405
4 148
330 178
56 181
100 80
132 102
4 398
285 381
226 166
221 465
392 346
47 138
285 421
444 36
285 365
442 482
309 411
295 437
290 336
309 200
4 464
226 211
138 243
285 56
486 209
277 173
276 322
392 109
4 147
330 101
248 370
183 224
99 489
396 340
309 346
69 340
440 155
442 51
382 53
440 323
226 30
493 289
211 303
59 48
69 428
250 9
339 420
10 236
391 388
330 125
468 362
442 494
291 57
389 497
285 317
132 206
239 448
285 333
143 212
486 205
226 55
435 166
309 449
330 143
4 348
267 362
234 467
291 165
4 245
347 134
475 53
226 305
314 256
270 484
70 396
276 249
285 179
183 305
4 462
442 207
309 456
4 116
313 301
95 55
285 86
493 314
493 316
4 169
442 402
270 373
226 180
152 150
309 65
291 337
4 103
499 243
278 237
4 197
314 193
21 102
319 411
442 222
225 338
226 219
267 264
58 246
224 284
276 181
314 68
10 13
226 459
499 435
305 436
226 9
309 318
281 177
382 435
309 264
446 119
285 26
222 396
149 199
113 314
234 348
412 321
330 328
251 73
291 409
365 432
417 374
330 105
226 393
319 414
285 257
4 372
309 276
401 201
449 498
198 247
19 453
138 16
475 26
221 248
464 165
285 124
392 47
285 463
486 101
285 278
285 44
276 271
250 481
250 112
226 452
313 162
276 340
403 333
63 387
330 345
442 414
4 166
291 404
442 110
275 479
342 54
401 274
276 178
4 340
285 282
285 259
160 320
285 339
285 319
226 273
285 305
102 212
309 179
319 221
285 397
291 179
226 142
442 489
285 252
440 355
382 69
10 333
198 408
442 232
329 220
226 8
442 56
382 51
433 403
4 186
267 484
330 19
285 385
398 300
4 466
382 409
183 339
339 255
285 302
226 201
318 339
4 73
382 274
400 122
10 146
382 474
4 82
285 454
314 255
442 229
382 93
442 30
454 443
82 112
226 60
382 208
309 271
389 422
449 499
285 434
285 231
47 279
205 145
307 233
285 352
285 220
309 36
285 378
309 369
382 170
309 158
452 266
440 468
159 496
245 386
382 186
285 377
290 205
435 225
442 435
183 349
4 433
72 384
226 236
52 18
113 161
404 54
285 123
285 441
291 347
176 130
396 377
4 318
291 171
369 284
314 279
11 3
4 153
400 148
449 65
291 290
67 199
319 418
342 395
250 278
486 99
63 341
21 85
276 331
4 203
4 393
442 274
226 280
285 439
276 37
4 71
166 77
270 224
4 59
309 86
72 128
250 407
314 195
452 451
4 265
183 253
67 346
430 186
285 484
309 479
309 79
382 393
382 433
193 333
444 321
276 473
291 83
442 190
349 450
285 281
226 299
4 271
442 465
143 418
442 169
330 247
285 453
285 400
285 59
234 413
4 29
4 160
226 242
442 248
285 83
387 335
486 133
226 481
285 167
198 117
291 181
440 354
226 494
226 475
63 278
178 142
285 189
278 287
276 116
435 125
118 53
183 437
307 496
468 316
442 447
4 120
275 420
322 65
4 457
234 294
442 260
291 247
382 98
4 5
429 181
4 189
198 236
382 215
183 181
373 142
342 352
183 388
250 265
339 155
183 63
267 460
4 277
285 238
93 446
58 381
431 355
285 209
449 368
226 482
349 104
344 197
226 343
382 262
382 138
285 70
313 453
442 120
309 26
226 289
186 360
94 36
4 395
352 59
88 31
347 187
442 220
454 391
277 217
285 286
442 233
239 135
285 373
10 40
161 336
298 140
347 337
250 398
499 43
198 31
382 112
149 269
382 239
132 106
198 385
330 139
307 107
493 478
4 452
309 490
347 335
285 416
378 445
442 60
371 211
442 360
183 56
113 130
459 190
4 175
349 373
47 185
270 54
226 450
465 326
349 134
285 356
440 182
297 464
226 458
4 473
445 452
226 469
4 415
4 211
352 214
152 16
382 76
75 256
226 45
121 126
285 456
285 306
163 249
327 313
442 481
66 125
401 348
309 468
226 300
285 298
444 94
104 142
285 410
449 196
226 425
21 404
313 100
339 6
309 337
285 476
330 280
198 460
285 216
226 3
285 283
198 425
449 117
361 71
442 121
475 244
118 117
226 427
69 82
347 71
69 323
178 207
63 300
444 238
113 435
4 117
226 137
285 240
97 223
435 129
4 353
132 120
226 92
267 290
198 233
493 76
183 169
285 42
499 236
404 96
276 289
442 263
285 433
4 304
226 340
4 486
285 242
183 463
342 223
309 111
4 138
291 178
365 117
382 157
423 121
365 275
4 24
392 447
113 450
63 45
285 470
383 311
499 296
69 71
138 151
224 280
113 237
276 350
113 36
221 431
309 206
204 333
445 184
285 114
314 415
183 291
22 172
34 6
371 45
149 222
149 97
435 196
226 120
63 485
245 59
430 425
389 161
440 100
62 185
11 322
4 70
314 364
378 494
291 483
226 177
66 76
69 48
442 408
285 413
226 89
104 485
344 456
309 420
88 441
113 32
468 160
63 134
270 453
10 205
285 270
226 466
442 117
221 209
440 23
285 158
215 419
226 7
63 184
226 117
58 284
449 140
226 19
280 484
239 143
285 91
86 338
285 110
449 433
10 363
493 220
113 195
378 204
267 451
291 56
392 409
94 280
322 261
327 171
10 406
226 187
442 322
486 324
351 482
226 359
226 323
189 488
226 440
382 156
198 295
454 283
291 362
226 237
298 228
382 107
285 329
309 241
493 471
4 233
245 483
309 431
226 290
401 387
285 50
4 409
183 440
442 116
183 372
447 368
382 336
10 45
285 251
106 116
440 210
4 11
123 495
285 376
103 189
234 62
278 457
226 408
59 136
330 444
440 186
499 72
449 444
285 327
285 492
4 279
110 59
58 78
226 155
400 1
285 471
132 428
226 128
93 456
396 42
198 428
86 8
228 200
178 233
454 466
4 44
138 290
330 144
444 98
442 261
449 362
95 105
291 366
285 68
309 320
442 87
276 20
285 349
178 472
113 186
330 234
285 182
171 223
285 219
382 207
285 370
226 66
291 255
318 225
442 131
75 476
4 269
4 176
442 36
291 494
486 220
226 374
319 65
285 445
226 124
324 74
152 195
256 135
183 142
224 292
59 140
95 335
291 278
198 496
4 310
440 251
285 201
309 59
4 381
226 446
4 170
152 399
138 5
21 467
4 142
344 424
276 481
340 492
226 312
324 274
198 159
431 413
267 279
267 162
445 18
285 227
382 10
260 492
330 254
285 299
69 475
36 107
398 362
4 247
198 161
113 80
285 425
278 289
4 349
442 415
4 3
276 390
226 42
198 55
319 86
183 436
4 460
398 136
382 335
63 413
327 445
132 456
226 429
4 124
295 160
226 249
289 266
318 244
442 218
442 428
69 95
465 320
226 172
309 302
4 126
442 136
285 340
314 184
466 22
183 394
226 64
47 321
319 228
270 485
4 210
4 221
285 408
69 188
4 483
226 342
250 43
4 67
442 43
400 412
250 61
466 244
226 453
442 90
291 348
245 315
285 354
309 119
189 25
304 100
291 252
242 305
442 174
226 205
276 378
149 194
440 421
226 400
69 54
276 338
211 155
339 123
339 409
382 357
291 468
198 219
382 233
330 154
382 92
4 28
330 119
392 199
236 144
251 494
447 424
401 202
226 195
4 294
309 446
396 120
285 76
4 478
69 196
1 7
100 424
455 37
4 373
226 405
198 414
99 74
309 131
442 368
59 381
95 260
226 455
285 487
285 187
187 237
4 68
183 413
275 230
198 472
69 270
159 283
298 384
99 484
449 375
198 241
239 121
4 336
69 262
455 428
285 444
226 46
168 458
285 5
226 5
352 287
209 269
309 60
102 498
309 412
330 109
11 169
226 439
285 84
250 489
4 227
449 364
92 432
50 57
291 159
307 96
442 10
4 132
10 474
4 432
475 216
226 457
291 326
291 276
250 371
279 179
113 89
285 80
442 327
226 136
285 6
382 48
386 451
299 386
382 308
309 252
4 293
330 209
198 102
499 107
400 410
4 196
429 186
242 56
475 403
285 118
401 243
467 300
4 220
276 344
186 437
442 371
285 284
442 132
476 360
285 178
285 126
226 396
285 244
291 417
276 321
270 114
305 7
142 219
330 200
250 480
339 224
309 3
226 275
103 87
427 436
152 217
160 441
442 184
4 30
183 27
449 407
285 276
183 117
380 495
387 379
226 247
330 466
442 11
496 8
4 301
309 160
382 293
499 166
198 211
226 375
4 471
499 357
69 115
392 40
86 128
493 140
226 122
285 380
198 73
442 467
226 369
63 479
285 230
449 209
285 459
226 409
4 262
118 456
319 22
132 85
4 333
493 188
291 338
330 240
226 35
183 134
401 441
226 79
440 199
159 301
330 160
176 369
442 488
4 58
285 10
226 49
198 140
4 450
442 384
349 9
400 452
309 270
415 265
183 310
291 7
226 378
285 177
342 363
440 209
11 121
113 26
442 332
21 45
285 176
475 326
41 67
401 278
382 90
447 359
442 344
309 382
10 491
183 173
330 468
47 414
198 125
198 430
4 324
352 350
330 156
47 16
250 153
183 223
4 284
382 9
319 453
330 38
314 127
198 362
226 224
299 135
342 118
285 133
226 371
226 367
113 95
267 146
291 237
442 157
382 490
318 300
318 409
330 417
449 73
347 478
291 392
330 149
339 445
309 208
88 97
242 284
276 169
50 432
442 361
198 429
4 363
159 384
226 279
440 65
285 135
291 36
21 396
442 141
226 492
448 290
66 15
267 345
183 250
278 7
339 346
234 105
322 31
330 99
285 493
296 287
106 325
314 367
389 297
276 397
449 418
350 458
285 457
4 273
330 46
330 84
226 395
382 396
4 161
339 169
226 157
285 320
454 136
442 476
309 138
4 350
442 171
330 242
318 191
442 156
285 336
440 102
382 466
113 67
4 323
276 372
226 282
198 227
250 51
382 304
361 38
276 479
409 432
411 302
147 350
382 401
226 404
159 129
198 497
226 11
382 104
226 385
285 88
475 420
285 78
309 277
319 100
281 277
309 477
113 373
242 126
69 91
442 47
285 237
318 210
291 265
52 284
113 423
330 327
493 248
250 403
226 214
233 16
52 378
309 383
449 122
454 85
309 103
309 53
4 81
226 229
382 139
330 323
464 243
198 267
64 487
479 477
442 35
440 407
392 293
4 154
52 277
4 422
63 67
30 121
309 109
318 348
339 29
400 72
267 416
183 252
4 146
330 37
69 154
276 3
304 494
226 194
183 334
285 150
389 216
291 304
493 40
226 447
442 130
309 463
442 449
226 2
465 46
389 464
444 249
52 268
285 404
198 150
250 351
4 188
234 254
10 428
324 229
226 144
330 418
226 111
270 199
382 194
63 251
138 358
475 266
10 287
344 223
226 308
163 274
118 366
10 147
226 108
327 70
149 415
1 298
378 290
4 21
226 145
291 227
449 9
183 415
226 135
86 265
183 489
236 268
499 232
250 286
392 353
309 306
187 67
4 326
285 494
309 172
198 422
110 121
226 489
285 418
462 162
198 93
386 85
285 312
382 243
442 492
267 327
285 442
69 443
382 371
427 229
198 274
226 250
133 292
309 333
352 456
382 205
442 77
442 262
493 296
314 25
10 415
95 463
313 233
440 160
309 249
309 494
400 211
400 459
270 432
491 390
132 22
198 320
52 422
285 265
400 249
309 398
291 214
285 429
4 56
330 486
493 431
285 290
285 291
442 349
4 212
291 472
285 294
226 138
113 341
4 412
442 68
490 266
198 448
285 254
349 290
285 81
442 388
226 478
309 45
493 281
226 413
330 465
206 45
276 302
309 288
69 137
322 8
226 129
270 248
250 413
226 491
291 458
442 3
183 129
285 106
309 354
285 75
295 56
58 57
330 388
123 357
47 41
445 460
382 270
21 379
226 444
276 297
10 359
183 116
226 107
285 25
290 82
285 115
449 331
330 87
401 28
440 85
4 361
465 352
276 151
149 96
442 365
20 175
276 182
291 413
291 11
113 290
198 479
291 370
226 403
226 239
176 265
226 487
276 118
330 317
102 333
442 175
327 453
382 189
285 41
319 218
226 116
339 498
382 110
159 8
285 343
447 275
113 368
291 436
198 39
66 121
454 154
198 389
4 119
285 7
309 462
442 441
442 9
330 236
152 458
417 49
289 216
442 38
309 17
442 410
161 461
322 497
69 228
442 491
309 58
163 14
107 144
103 78
149 61
291 324
412 235
330 492
226 449
285 117
442 66
494 139
291 393
250 164
183 192
278 348
404 434
285 212
330 410
198 289
149 240
250 140
48 405
371 201
178 120
4 241
132 468
358 220
285 389
224 67
285 364
285 310
313 109
442 67
176 358
69 201
440 498
285 386
236 372
226 170
314 124
226 356
225 26
378 142
181 264
113 413
267 456
10 336
183 151
4 87
285 473
499 199
285 422
322 460
291 260
499 396
183 55
291 487
496 306
285 35
475 429
160 185
382 65
357 265
285 31
183 17
285 313
226 1
221 308
10 25
226 386
319 345
236 406
198 292
183 414
330 164
275 491
309 263
4 7
440 265
330 499
285 499
183 58
330 411
309 441
467 185
132 420
221 166
276 112
113 230
427 237
4 156
4 190
226 348
322 171
4 26
475 278
183 166
86 317
226 101
102 217
4 451
226 384
270 202
113 298
167 332
382 236
444 439
493 301
330 3
442 170
178 471
401 273
456 286
198 83
276 84
183 353
309 147
183 352
285 113
342 156
339 465
198 486
400 393
382 182
62 3
52 184
442 247
294 335
435 163
299 297
342 105
226 354
400 295
113 270
382 62
198 58
442 340
149 458
357 223
226 370
330 43
318 420
285 273
132 303
319 88
267 261
285 460
159 223
314 129
365 225
285 371
442 177
59 97
107 44
233 225
344 420
198 413
285 85
4 173
285 351
392 318
205 136
259 326
442 393
69 25
239 211
226 179
449 401
291 26
285 322
149 495
4 139
425 287
239 80
226 4
149 185
493 70
309 205
285 136
385 321
198 49
226 319
398 137
442 179
442 243
276 215
226 228
159 81
250 370
4 242
211 229
449 414
285 183
276 258
226 303
442 436
424 104
267 80
222 341
226 163
198 172
226 380
102 488
493 207
442 25
285 32
382 135
440 6
330 102
466 343
4 130
234 463
226 352
440 296
226 65
309 239
339 388
4 396
440 30
