100 1000
30 4
48 38
21 35
97 27
56 57
96 61
48 71
66 41
25 44
28 91
44 52
14 88
36 95
70 84
25 36
41 75
30 63
34 85
40 90
87 78
96 23
56 37
56 76
30 46
4 83
25 22
96 21
35 48
96 40
42 46
96 42
96 74
25 43
84 62
25 14
57 78
87 68
97 77
76 46
87 90
96 92
70 27
97 83
48 72
25 49
62 29
4 24
66 79
44 94
13 95
53 20
97 85
81 38
35 13
96 38
56 5
30 43
96 71
25 53
28 78
45 10
96 8
66 10
41 46
53 45
50 13
55 49
4 19
40 5
13 90
11 7
21 88
14 52
34 32
87 89
30 64
97 72
44 27
83 10
94 33
25 24
30 68
97 60
40 72
56 58
55 17
70 25
66 62
70 48
25 92
70 78
70 7
55 60
97 43
41 54
42 83
53 29
4 77
42 14
56 44
66 3
87 35
70 95
70 2
63 82
66 83
25 10
87 4
48 62
76 1
25 74
30 13
45 78
80 28
42 88
94 79
30 39
25 77
16 43
87 81
4 33
30 38
53 34
70 5
87 43
41 10
30 7
57 81
83 16
70 59
57 42
4 69
70 35
97 49
84 64
25 1
70 100
30 82
23 24
76 51
70 76
70 56
25 71
42 68
84 5
96 2
25 64
41 100
42 50
90 88
40 82
87 13
70 9
16 32
70 50
57 90
42 66
84 24
84 45
16 14
56 41
25 84
66 80
30 72
96 73
21 55
97 4
70 34
8 93
84 60
42 94
35 22
35 7
40 99
70 44
57 47
21 82
42 2
80 61
30 14
57 38
70 13
81 86
44 71
35 8
4 10
96 39
44 38
5 15
25 17
69 9
25 96
87 73
70 57
84 41
23 53
70 14
25 51
16 49
56 93
30 86
25 20
25 45
56 51
21 11
25 73
30 90
56 36
30 83
8 31
30 32
56 88
42 39
57 31
44 55
70 85
25 27
87 66
57 43
21 78
39 10
56 14
57 76
21 91
70 81
90 61
30 36
25 60
87 52
59 1
46 1
30 33
11 26
57 21
70 80
97 64
96 100
87 28
57 79
87 18
20 93
11 38
87 64
81 54
70 65
25 91
23 77
87 48
97 67
25 61
69 78
42 33
21 6
87 24
48 61
87 77
56 52
44 89
35 20
40 29
30 71
39 62
30 73
66 32
57 52
30 51
41 95
30 15
4 91
87 33
65 74
87 46
30 31
87 53
53 47
87 26
35 31
97 14
30 66
83 60
56 3
40 79
87 88
25 50
97 73
56 92
57 19
70 3
40 100
38 19
97 75
63 93
21 95
35 46
55 100
25 26
57 1
87 63
70 23
8 91
70 31
70 45
30 5
57 17
46 61
48 47
30 21
42 85
96 99
50 79
25 72
76 14
25 97
97 84
56 98
70 8
70 79
97 53
97 99
63 53
42 60
4 9
16 55
87 97
84 23
17 90
83 59
50 9
96 82
97 78
81 49
76 19
63 26
11 8
25 31
30 35
70 37
25 19
30 40
57 63
41 69
56 28
25 75
84 50
57 28
60 49
76 28
96 54
56 46
48 24
44 39
87 7
56 13
56 83
96 45
11 32
42 18
38 69
38 100
84 99
70 26
30 88
70 41
96 89
96 10
42 54
4 48
87 29
65 26
87 83
25 66
96 95
59 95
25 23
25 5
30 97
70 93
56 89
4 65
57 92
87 94
56 20
97 10
76 11
14 22
11 59
21 49
48 68
35 53
53 94
87 79
97 19
42 10
40 46
5 13
25 35
11 18
97 34
96 12
70 29
97 50
56 80
56 49
87 82
55 54
70 12
35 39
21 38
97 39
25 37
23 22
97 17
63 98
25 65
70 54
56 34
30 84
87 100
70 10
30 6
67 43
70 87
96 79
35 1
57 11
70 90
40 26
70 74
30 20
25 94
70 15
57 26
70 67
23 47
11 71
96 1
97 76
84 93
81 98
87 20
4 89
23 67
11 16
42 41
56 10
25 3
25 56
5 59
57 54
76 48
56 33
30 98
70 66
87 76
96 77
97 8
35 5
5 89
30 16
23 94
11 65
97 86
97 16
70 99
84 44
83 49
11 75
87 56
70 32
11 100
35 63
5 71
25 40
84 52
30 18
57 14
87 55
30 76
21 3
70 72
23 69
56 19
97 2
57 45
48 50
87 11
60 59
81 28
84 14
70 98
20 51
21 16
67 18
87 49
41 91
70 40
40 13
57 37
81 50
90 6
97 52
35 68
21 100
11 92
62 79
45 77
84 12
70 38
21 29
83 13
44 9
30 75
21 39
20 9
87 21
87 71
70 73
65 52
57 40
69 62
4 62
69 34
66 99
97 59
70 53
25 41
35 15
25 93
70 71
30 49
97 91
70 18
90 86
66 86
70 19
30 96
76 32
87 98
87 22
70 1
70 64
16 90
84 82
34 86
87 59
94 32
38 3
55 75
84 69
57 93
87 27
30 52
70 30
96 22
97 1
70 22
84 9
97 74
66 9
84 35
97 71
21 9
30 34
4 47
42 37
40 73
30 42
84 53
30 12
30 67
56 65
30 50
70 61
23 50
87 95
56 95
63 55
21 92
84 39
70 36
57 75
48 86
30 59
11 17
30 3
8 64
96 60
84 17
17 31
21 85
30 95
97 95
56 15
25 95
70 39
84 66
41 85
84 15
81 1
70 86
57 100
87 74
4 27
11 24
30 69
70 92
66 22
21 71
25 29
70 94
30 25
70 24
20 99
84 8
42 71
5 36
94 31
20 45
84 85
84 11
80 95
87 58
20 14
48 78
87 37
70 16
56 74
48 8
4 8
56 66
63 88
87 62
5 37
69 64
76 58
57 7
87 16
76 88
83 81
76 55
96 41
39 77
70 77
21 58
70 6
30 81
25 33
76 2
87 84
70 47
70 69
87 61
30 78
59 73
97 57
56 11
84 16
83 64
65 18
97 89
57 3
63 68
30 54
96 68
30 79
21 63
97 36
30 2
21 36
56 42
25 28
30 45
11 64
70 63
40 31
30 41
87 57
76 61
84 47
96 94
20 85
36 99
96 4
56 32
70 46
8 46
40 48
35 34
70 55
28 58
30 48
87 12
84 59
30 27
56 72
21 13
81 52
83 41
21 90
5 55
25 46
56 26
97 56
76 68
21 61
76 5
70 20
30 53
42 29
70 52
97 63
21 79
40 93
30 55
63 94
76 89
55 77
44 100
70 62
4 13
87 1
42 89
34 78
21 53
30 57
87 91
57 86
97 46
87 8
5 18
42 26
44 95
25 4
76 98
30 80
21 31
4 88
16 78
50 62
96 83
56 39
48 41
11 85
40 22
87 2
81 71
14 6
25 12
69 53
76 29
57 35
13 92
30 77
35 94
70 89
97 42
21 51
80 67
23 54
56 69
97 7
76 50
87 40
48 28
30 89
70 42
21 20
35 90
30 26
56 78
97 29
83 36
30 24
44 20
76 91
84 61
87 69
41 6
87 80
97 61
30 22
39 47
76 6
67 61
97 12
63 31
56 6
25 63
25 48
46 26
21 54
23 79
25 42
83 54
87 34
87 65
70 91
56 21
84 40
40 43
70 68
96 52
50 19
21 66
30 62
84 42
57 49
21 81
50 39
57 24
70 51
59 33
87 96
30 91
63 67
62 27
97 32
87 32
16 54
70 97
11 86
53 15
70 43
41 26
28 34
70 83
57 4
66 23
70 96
23 33
30 85
30 99
11 68
57 99
84 46
87 31
97 93
96 5
21 23
70 49
70 82
97 28
20 71
70 60
48 51
97 38
30 94
76 45
25 90
84 94
30 9
87 45
70 11
97 68
35 16
57 60
70 21
87 50
56 48
23 2
30 23
21 32
50 26
42 65
97 90
30 17
53 24
30 65
45 90
97 80
11 88
8 61
25 98
57 27
84 20
13 74
60 75
96 19
21 34
97 5
4 20
87 23
87 42
35 10
87 38
21 7
21 44
87 6
97 13
35 61
96 24
87 86
96 91
42 74
70 88
25 89
42 20
30 28
30 58
30 29
97 66
97 41
17 28
96 37
87 85
87 10
97 26
57 62
66 59
21 86
70 58
57 50
38 51
35 69
70 4
23 27
62 28
69 15
66 1
41 29
96 18
30 1
30 19
97 22
87 67
96 46
25 34
25 21
36 9
57 91
56 47
30 61
87 51
70 33
21 74
96 9
30 87
81 95
96 36
42 1
5 27
30 10
42 69
70 28
81 58
87 39
83 24
38 78
83 43
87 99
36 28
23 20
25 100
66 81
57 8
30 11
25 38
87 36
76 64
25 32
87 92
30 100
87 19
76 72
96 88
67 73
56 23
96 75
8 86
70 75
25 68
97 69
35 9
56 17
57 83
87 9
57 89
70 17
25 55
30 93
97 9
63 12
55 86
87 41
11 79
84 67
56 71
56 77
5 58
96 26
30 47
56 22
96 57
76 7
87 3
96 67
25 16
11 39
21 43
30 74
