250 700
24 29
220 224
116 196
116 149
220 157
121 25
116 96
220 96
220 235
7 247
134 41
220 38
134 66
116 169
220 5
220 132
24 161
220 102
107 57
107 88
220 153
220 169
116 71
24 206
7 45
7 150
116 25
107 89
107 105
220 171
107 179
121 243
220 168
107 195
220 55
220 45
220 100
220 232
116 210
220 30
107 42
102 65
24 67
91 170
220 66
134 150
91 161
121 214
116 195
107 46
134 177
220 103
24 123
116 8
24 186
7 136
220 112
102 202
220 245
24 236
24 78
220 20
24 68
116 122
24 120
220 71
102 176
91 29
107 16
220 26
220 29
220 2
220 90
7 75
116 163
116 134
220 234
220 7
116 231
220 41
220 81
220 56
121 37
7 144
220 203
116 216
220 151
102 222
220 159
24 46
7 67
107 155
220 25
220 138
107 78
116 157
220 117
220 68
91 231
116 177
116 204
116 11
220 227
220 231
24 196
91 59
121 90
220 4
116 161
220 199
220 208
116 92
116 205
116 165
220 244
91 202
116 167
220 191
107 163
134 187
220 6
220 125
220 62
107 201
220 61
220 222
116 105
134 102
107 248
121 34
220 236
220 130
121 41
134 56
220 77
220 12
102 120
24 17
220 17
220 124
220 144
220 21
220 166
107 192
220 110
134 32
102 180
91 226
220 43
107 171
116 201
116 236
220 39
107 221
220 160
107 90
220 248
121 128
116 85
24 50
116 43
116 108
24 164
107 182
24 159
134 165
116 143
91 190
220 115
116 78
121 201
7 242
91 219
91 44
116 55
116 17
7 110
107 125
24 15
116 136
220 152
220 210
102 42
121 189
220 85
220 64
91 36
220 48
7 204
116 180
220 108
220 221
220 165
134 115
220 174
134 185
220 163
24 167
116 84
220 213
91 96
220 23
134 39
107 61
134 111
116 166
116 250
116 187
91 175
107 169
91 117
116 192
116 191
134 153
24 74
116 123
102 10
134 156
220 230
24 99
121 143
102 235
220 37
7 106
116 49
220 186
116 3
220 179
107 50
220 80
116 221
220 149
220 193
134 237
121 106
134 85
220 192
7 249
134 197
134 244
121 224
24 188
107 58
116 48
91 189
220 154
134 1
107 126
220 122
121 184
220 16
116 199
7 146
220 76
220 15
122 207
107 197
220 217
107 111
7 197
220 146
121 182
116 99
134 84
116 179
134 44
107 209
121 64
220 128
220 247
24 64
116 185
220 9
107 99
116 211
24 89
107 210
121 222
116 207
220 127
220 95
220 94
220 212
116 111
107 52
220 143
7 44
91 195
220 241
102 149
220 185
134 136
220 1
116 151
134 147
7 132
107 146
116 184
24 62
116 33
116 101
220 78
116 226
107 6
116 186
121 52
220 189
107 170
102 97
102 248
107 233
220 141
102 238
116 125
24 26
220 75
107 37
220 92
220 209
102 48
107 49
134 87
116 139
116 203
116 70
220 54
102 245
220 243
220 73
24 247
134 7
107 181
107 236
134 154
220 156
116 21
91 242
7 14
220 148
220 145
116 194
220 218
116 238
107 227
220 238
220 70
107 156
102 30
220 194
107 218
116 60
24 82
220 35
107 11
116 72
134 47
91 101
220 47
91 246
220 225
107 97
91 236
220 173
7 23
24 168
107 202
7 57
91 230
116 208
107 60
220 170
220 140
220 240
122 126
220 22
7 122
107 149
107 23
134 180
220 59
220 82
121 104
102 80
24 157
220 84
116 119
121 103
107 194
220 3
220 33
107 93
220 176
220 161
7 49
220 42
7 26
220 155
7 124
116 202
220 202
91 239
116 106
102 126
220 229
107 115
220 184
116 16
91 115
220 28
220 181
102 215
116 160
107 44
116 107
220 10
134 117
116 162
121 218
116 50
220 116
220 188
121 244
220 223
7 1
116 190
91 156
134 34
116 104
24 73
24 143
116 247
7 194
220 200
116 227
220 93
91 133
102 206
220 131
116 15
220 164
220 133
24 129
220 198
107 132
220 137
220 123
121 166
122 165
24 233
116 76
220 34
134 12
116 188
220 249
220 60
91 209
220 120
220 109
134 71
134 28
134 145
107 80
220 8
107 234
220 121
116 117
220 233
134 6
220 86
102 83
220 183
220 46
220 101
116 140
107 123
121 23
134 138
24 232
24 198
134 43
116 19
220 88
24 106
102 223
220 135
220 114
220 201
220 162
220 211
220 27
116 32
134 46
107 160
220 190
220 111
134 207
134 79
220 65
7 78
134 204
116 132
91 26
220 139
24 125
220 11
220 13
122 85
134 112
220 136
116 159
102 79
220 105
220 18
134 227
220 113
116 171
91 45
116 225
116 22
220 205
220 83
220 52
107 35
220 79
102 49
220 147
220 51
220 53
107 33
116 121
220 239
220 142
220 69
220 246
91 25
102 237
220 175
220 197
91 186
107 87
116 58
107 36
220 44
116 183
107 22
107 250
24 95
220 36
220 167
107 239
134 132
91 238
7 69
220 180
220 89
134 242
116 115
116 234
24 86
107 136
220 126
116 193
107 73
134 164
24 41
116 154
134 129
134 182
116 137
116 61
91 216
220 14
220 57
91 215
116 90
220 50
107 106
24 177
220 72
116 181
116 69
121 14
116 20
107 219
220 178
220 129
134 94
116 158
116 172
24 77
220 106
116 224
134 48
107 15
134 249
116 9
107 47
134 68
220 177
220 97
107 12
116 198
220 215
220 49
116 126
116 97
116 62
116 56
116 42
116 94
116 228
220 226
220 228
134 250
7 221
102 59
24 6
220 195
220 250
7 171
116 249
116 39
7 187
220 207
91 1
220 134
220 58
134 226
220 91
220 216
107 213
134 144
220 204
107 249
134 245
91 205
24 225
220 119
102 204
220 237
91 207
91 225
220 99
220 98
107 114
134 211
102 121
220 67
107 85
107 183
121 173
24 27
220 158
220 107
220 196
24 81
107 21
107 102
220 206
107 238
134 80
220 150
220 219
220 182
107 18
7 73
134 215
220 118
220 242
220 172
220 74
116 206
116 100
7 29
220 187
220 24
134 88
116 66
220 63
220 40
91 32
7 13
220 32
220 87
107 31
116 12
91 81
24 80
7 151
91 99
24 51
107 113
102 26
102 217
220 214
122 63
220 19
220 31
24 234
220 104
